#pragma once
#include <Eigen/Core>

class GeneratedKinematicConstraint
{
  public:
    double height_;
    double radius_;
    int nIter_;
    Eigen::Vector3d center_;
    Eigen::MatrixXd A;
    Eigen::VectorXd b;
    GeneratedKinematicConstraint()
    {
      height_ = 0.6;
      nIter_ = 2;
      radius_ = 1.0;
      center_ = Eigen::Vector3d(0.0, 0.0, 0.0);
      A.resize(37,3);
      b.resize(37);
      A << -0.817754606352, -0.180880383596, -0.546406159025, -0.180880383596, -0.817754606352, -0.546406159025, -0.546406159025, -0.180880383596, -0.817754606352, -0.180880383596, -0.546406159025, -0.817754606352, -0.191480453955, -0.191480453955, -0.96263724814, -0.23363115991, -0.23363115991, -0.943839479063, -0.311808502862, -0.671853948988, -0.671853948988, -0.671853948988, -0.311808502862, -0.671853948988, -0.57735026919, -0.57735026919, -0.57735026919, -0.817754606352, 0.180880383596, -0.546406159025, -0.180880383596, 0.817754606352, -0.546406159025, -0.546406159025, 0.180880383596, -0.817754606352, -0.180880383596, 0.546406159025, -0.817754606352, -0.191480453955, 0.191480453955, -0.96263724814, -0.23363115991, 0.23363115991, -0.943839479063, -0.311808502862, 0.671853948988, -0.671853948988, -0.671853948988, 0.311808502862, -0.671853948988, -0.57735026919, 0.57735026919, -0.57735026919, 0.817754606352, -0.180880383596, -0.546406159025, 0.180880383596, -0.817754606352, -0.546406159025, 0.546406159025, -0.180880383596, -0.817754606352, 0.180880383596, -0.546406159025, -0.817754606352, 0.191480453955, -0.191480453955, -0.96263724814, 0.23363115991, -0.23363115991, -0.943839479063, 0.311808502862, -0.671853948988, -0.671853948988, 0.671853948988, -0.311808502862, -0.671853948988, 0.57735026919, -0.57735026919, -0.57735026919, 0.817754606352, 0.180880383596, -0.546406159025, 0.180880383596, 0.817754606352, -0.546406159025, 0.546406159025, 0.180880383596, -0.817754606352, 0.180880383596, 0.546406159025, -0.817754606352, 0.191480453955, 0.191480453955, -0.96263724814, 0.23363115991, 0.23363115991, -0.943839479063, 0.311808502862, 0.671853948988, -0.671853948988, 0.671853948988, 0.311808502862, -0.671853948988, 0.57735026919, 0.57735026919, -0.57735026919, 0.0, 0.0, 1.0;
      b << -0.964607327827, -0.964607327827, -0.964607327827, -0.964607327827, -0.96263724814, -0.961400750864, -0.950144966593, -0.950144966593, -0.942809041582, -0.964607327827, -0.964607327827, -0.964607327827, -0.964607327827, -0.96263724814, -0.961400750864, -0.950144966593, -0.950144966593, -0.942809041582, -0.964607327827, -0.964607327827, -0.964607327827, -0.964607327827, -0.96263724814, -0.961400750864, -0.950144966593, -0.950144966593, -0.942809041582, -0.964607327827, -0.964607327827, -0.964607327827, -0.964607327827, -0.96263724814, -0.961400750864, -0.950144966593, -0.950144966593, -0.942809041582, 0.6;
    }
};
